1.000000 0.000343 0.000331 0.066611 -0.000341 0.999988 -0.004966 -0.022993 -0.000332 0.004966 0.999988 0.231923
0.999999 -0.000395 -0.001648 0.072731 0.000392 0.999998 -0.001990 -0.050468 0.001649 0.001989 0.999997 0.235571
0.999997 0.001023 0.002365 0.055217 -0.001039 0.999978 0.006563 -0.090531 -0.002358 -0.006566 0.999976 0.263782
0.999972 0.006125 0.004190 0.041225 -0.006124 0.999981 -0.000303 -0.061037 -0.004192 0.000278 0.999991 0.253901
0.999954 0.008941 0.003356 0.053808 -0.008930 0.999954 -0.003466 -0.020422 -0.003387 0.003436 0.999988 0.255205
0.999937 0.010892 -0.002528 0.070635 -0.010897 0.999939 -0.001944 -0.017725 0.002506 0.001971 0.999995 0.240996
0.999925 0.012166 -0.001026 0.052599 -0.012166 0.999926 -0.000271 -0.019408 0.001022 0.000283 0.999999 0.242985
0.999929 0.011614 0.002568 0.021994 -0.011608 0.999930 -0.002212 -0.018219 -0.002593 0.002182 0.999994 0.237641
0.999926 0.011085 0.004924 0.010837 -0.011076 0.999937 -0.001724 -0.037722 -0.004943 0.001670 0.999986 0.254827
0.999943 0.010631 -0.000651 0.018630 -0.010629 0.999937 0.003471 -0.064538 0.000688 -0.003464 0.999994 0.117451
0.999947 0.010245 0.000152 0.020828 -0.010245 0.999947 -0.000656 -0.031427 -0.000159 0.000655 1.000000 0.023039
0.999880 0.014951 -0.004030 0.034816 -0.014961 0.999885 -0.002419 0.009655 0.003994 0.002479 0.999989 0.023757
0.999855 0.014025 -0.009685 0.024588 -0.014034 0.999901 -0.000802 0.007039 0.009673 0.000938 0.999953 0.044951
0.999836 0.016144 -0.008173 -0.101967 -0.016148 0.999870 -0.000374 0.010578 0.008166 0.000506 0.999967 0.091988
0.999556 0.028971 -0.006984 -0.363379 -0.028968 0.999580 0.000540 0.016629 0.006996 -0.000338 0.999975 0.113515
0.999520 0.030725 -0.003908 -0.644323 -0.030723 0.999528 0.000338 0.037623 0.003917 -0.000218 0.999992 0.129304
0.999393 0.034581 -0.004112 -0.915893 -0.034581 0.999402 -0.000071 0.067200 0.004107 0.000213 0.999992 0.155974
0.998486 0.038824 0.038969 -1.156024 -0.038711 0.999244 -0.003651 0.098258 -0.039081 0.002137 0.999234 0.176588
0.999638 0.026658 -0.003566 -1.181104 -0.026661 0.999644 -0.000650 0.113912 0.003547 0.000745 0.999993 0.201731
0.999006 0.044501 0.002625 -1.194668 -0.044486 0.998995 -0.005461 0.144594 -0.002866 0.005339 0.999982 0.223805
0.998883 0.047131 0.003404 -1.179008 -0.047125 0.998888 -0.001705 0.124820 -0.003480 0.001542 0.999993 0.250865
0.998938 0.046071 -0.000047 -1.150942 -0.046070 0.998930 0.004131 0.105021 0.000238 -0.004124 0.999991 0.265781
0.998998 0.044756 0.000302 -1.127032 -0.044754 0.998991 -0.003816 0.126984 -0.000472 0.003798 0.999993 0.285073
0.999088 0.042612 -0.002562 -1.121826 -0.042624 0.999081 -0.004584 0.136037 0.002364 0.004689 0.999986 0.298159
0.999034 0.043950 -0.000299 -1.143519 -0.043950 0.999033 -0.001073 0.125972 0.000252 0.001085 0.999999 0.315534
0.999109 0.042060 0.003462 -1.170921 -0.042058 0.999115 -0.000764 0.103759 -0.003491 0.000618 0.999994 0.308103
0.999040 0.043815 0.000039 -1.174320 -0.043815 0.999040 0.000250 0.112291 -0.000028 -0.000252 1.000000 0.302119
0.999051 0.043508 -0.002058 -1.178072 -0.043515 0.999046 -0.003653 0.138281 0.001897 0.003739 0.999991 0.294580
0.999033 0.043918 -0.001840 -1.189206 -0.043921 0.999033 -0.001893 0.141858 0.001755 0.001972 0.999997 0.294817
0.998965 0.045172 -0.005422 -1.238356 -0.045173 0.998979 -0.000129 0.137559 0.005411 0.000374 0.999985 0.278456
0.998822 0.048404 -0.003443 -1.339911 -0.048402 0.998828 0.000728 0.143519 0.003475 -0.000561 0.999994 0.254153
0.998251 0.053015 0.026147 -1.445951 -0.052996 0.998594 -0.001412 0.168938 -0.026185 0.000024 0.999657 0.247708
0.998915 0.046550 -0.001387 -1.441410 -0.046556 0.998904 -0.004918 0.201936 0.001157 0.004978 0.999987 0.245641
0.998513 0.054511 0.001108 -1.439618 -0.054505 0.998502 -0.004827 0.190688 -0.001370 0.004759 0.999988 0.231670
0.998480 0.055119 -0.000102 -1.441431 -0.055119 0.998480 0.000130 0.147339 0.000109 -0.000124 1.000000 0.234079
0.998521 0.054366 0.000005 -1.450054 -0.054366 0.998521 0.000147 0.137307 0.000003 -0.000147 1.000000 0.225194
0.998573 0.053376 0.001419 -1.448624 -0.053370 0.998567 -0.003995 0.153316 -0.001631 0.003913 0.999991 0.226903
0.998516 0.054439 -0.001315 -1.442604 -0.054442 0.998514 -0.002404 0.151469 0.001182 0.002472 0.999996 0.229822
0.998479 0.055097 -0.001868 -1.448189 -0.055096 0.998481 0.000343 0.135752 0.001884 -0.000239 0.999998 0.226206
0.998468 0.055212 0.003531 -1.462304 -0.055200 0.998470 -0.003399 0.134547 -0.003714 0.003199 0.999988 0.231045
0.998524 0.054303 -0.001211 -1.450096 -0.054306 0.998521 -0.002455 0.112838 0.001076 0.002517 0.999996 0.238140
0.998479 0.055094 -0.001844 -1.451950 -0.055085 0.998469 0.005041 0.091369 0.002119 -0.004931 0.999986 0.236547
0.998411 0.056283 0.002955 -1.480490 -0.056274 0.998411 -0.002918 0.126953 -0.003115 0.002747 0.999991 0.134387
0.998506 0.054639 -0.000542 -1.486732 -0.054640 0.998499 -0.003789 0.136247 0.000335 0.003813 0.999993 0.014566
0.998547 0.053877 0.001376 -1.489631 -0.053864 0.998514 -0.008274 0.097487 -0.001820 0.008188 0.999965 0.018593
0.998497 0.054787 -0.001097 -1.478610 -0.054797 0.998406 -0.013554 -0.032727 0.000353 0.013593 0.999908 0.057131
0.998129 0.061121 -0.001873 -1.476955 -0.061136 0.998083 -0.009604 -0.271382 0.001282 0.009700 0.999952 0.089672
0.997841 0.065571 -0.003585 -1.484855 -0.065597 0.997817 -0.007635 -0.568130 0.003076 0.007854 0.999964 0.111588
0.997497 0.070685 -0.001673 -1.525585 -0.070696 0.997467 -0.007844 -0.946571 0.001114 0.007943 0.999968 0.125206
0.997266 0.073873 -0.001525 -1.613886 -0.073881 0.997247 -0.006249 -1.542283 0.001059 0.006345 0.999979 0.168188
0.997281 0.073686 0.000028 -1.668941 -0.073684 0.997259 -0.006759 -1.920193 -0.000526 0.006739 0.999977 0.180657
0.997077 0.076398 -0.000442 -1.725118 -0.076399 0.997063 -0.005353 -2.294384 0.000031 0.005371 0.999986 0.179238
0.997012 0.077206 0.002447 -1.768232 -0.077242 0.996234 0.039394 -2.573829 0.000603 -0.039465 0.999221 0.184835
0.996537 0.083110 0.002548 -1.795879 -0.083109 0.996540 -0.000326 -2.575378 -0.002566 0.000113 0.999997 0.196183
0.996465 0.084006 0.000535 -1.781687 -0.084006 0.996465 -0.001132 -2.606953 -0.000628 0.001083 0.999999 0.203367
0.996494 0.083640 -0.001841 -1.768207 -0.083654 0.996452 -0.009222 -2.612654 0.001063 0.009344 0.999956 0.208985
0.996303 0.085875 -0.002409 -1.767007 -0.085906 0.996114 -0.019397 -2.682355 0.000734 0.019533 0.999809 0.213663
0.995295 0.096779 -0.004637 -1.782956 -0.096845 0.995153 -0.017047 -2.923095 0.002965 0.017416 0.999844 0.232583
0.995179 0.098018 0.003292 -1.819095 -0.098073 0.994448 0.038148 -3.224345 0.000466 -0.038287 0.999267 0.239301
0.996374 0.085081 0.000119 -1.822461 -0.085081 0.996374 -0.000032 -3.232314 -0.000121 0.000021 1.000000 0.236159
0.996043 0.088807 -0.003300 -1.819182 -0.088790 0.996039 0.004839 -3.255121 0.003717 -0.004526 0.999983 0.240971
0.996417 0.084573 -0.000521 -1.833291 -0.084573 0.996417 0.000335 -3.244608 0.000547 -0.000290 1.000000 0.254897
0.996259 0.086422 0.000067 -1.858521 -0.086420 0.996239 -0.006336 -3.249627 -0.000614 0.006306 0.999980 0.241439
0.996150 0.087650 -0.001462 -1.873939 -0.087660 0.996115 -0.008394 -3.328401 0.000721 0.008490 0.999964 0.246720
0.996411 0.084629 -0.001798 -1.877732 -0.084634 0.996408 -0.003031 -3.406553 0.001535 0.003172 0.999994 0.253900
0.996559 0.082878 -0.000828 -1.880454 -0.082879 0.996559 -0.000613 -3.420825 0.000774 0.000680 0.999999 0.259095
0.996518 0.083381 0.000176 -1.888466 -0.083380 0.996506 0.004783 -3.442095 0.000224 -0.004781 0.999989 0.268926
0.996592 0.082449 -0.002648 -1.887276 -0.082450 0.996595 -0.000426 -3.418837 0.002604 0.000643 0.999996 0.261929
0.996609 0.082285 0.000259 -1.903899 -0.082285 0.996608 -0.001461 -3.399136 -0.000378 0.001434 0.999999 0.278787
0.996666 0.081583 0.000923 -1.909345 -0.081584 0.996666 0.000997 -3.399534 -0.000838 -0.001069 0.999999 0.270082
0.996678 0.081390 -0.002770 -1.902053 -0.081390 0.996682 0.000261 -3.393209 0.002782 -0.000035 0.999996 0.309606
0.996603 0.082304 -0.002962 -1.904894 -0.082298 0.996606 0.002018 -3.388962 0.003118 -0.001767 0.999994 0.423111
0.996631 0.081965 0.002769 -1.910626 -0.081967 0.996635 0.000696 -3.400407 -0.002702 -0.000921 0.999996 0.603165
0.996744 0.080591 -0.002349 -1.884091 -0.080589 0.996747 0.001142 -3.406893 0.002433 -0.000949 0.999997 0.901078
0.996740 0.080521 -0.005028 -1.871159 -0.080521 0.996753 0.000121 -3.406903 0.005022 0.000284 0.999987 1.128687
0.996701 0.081158 0.000135 -1.885182 -0.081158 0.996701 -0.001061 -3.394588 -0.000221 0.001046 0.999999 1.378208
0.996760 0.080424 -0.001156 -1.878170 -0.080425 0.996760 -0.001199 -3.396863 0.001056 0.001288 0.999999 1.626774
0.996754 0.080384 -0.004492 -1.874515 -0.080380 0.996764 0.001023 -3.403253 0.004560 -0.000659 0.999989 1.906758
0.996736 0.080700 0.002176 -1.896873 -0.080693 0.996734 -0.003270 -3.394079 -0.002432 0.003083 0.999992 2.080455
0.996774 0.080214 -0.002601 -1.894144 -0.080214 0.996778 0.000110 -3.402731 0.002601 0.000099 0.999997 2.106994
0.996790 0.080017 -0.002728 -1.898031 -0.080015 0.996793 0.000909 -3.410720 0.002792 -0.000688 0.999996 2.105209
0.996766 0.080359 0.000934 -1.912875 -0.080358 0.996766 -0.000721 -3.407620 -0.000988 0.000643 0.999999 2.110080
0.996824 0.079595 -0.002692 -1.894934 -0.079599 0.996826 -0.001616 -3.421066 0.002555 0.001826 0.999995 2.122141
0.996875 0.078950 -0.002827 -1.888580 -0.078943 0.996876 0.002469 -3.435048 0.003013 -0.002239 0.999993 2.104273
0.999167 -0.040809 0.000531 -1.892871 0.040806 0.999159 0.004062 -3.422952 -0.000697 -0.004037 0.999992 2.095327
0.983156 -0.182730 -0.003839 -1.881460 0.182726 0.983163 -0.001397 -3.385100 0.004029 0.000672 0.999992 2.103567
0.983591 -0.180384 -0.003265 -1.883157 0.180374 0.983593 -0.003112 -3.385374 0.003773 0.002472 0.999990 2.091134
0.996044 -0.088849 -0.001307 -1.899004 0.088851 0.996044 0.001255 -3.410457 0.001191 -0.001367 0.999998 2.085000
0.998526 -0.054277 -0.000558 -1.904587 0.054278 0.998526 0.000749 -3.422563 0.000516 -0.000779 1.000000 2.089415
0.998517 -0.054339 -0.003378 -1.895710 0.054339 0.998523 -0.000250 -3.422980 0.003386 0.000066 0.999994 2.091752
0.998587 -0.053112 -0.001471 -1.898015 0.053114 0.998587 0.001597 -3.414532 0.001384 -0.001673 0.999998 2.095529
0.998639 -0.052155 -0.000676 -1.893074 0.052154 0.998637 -0.001779 -3.399557 0.000768 0.001741 0.999998 2.101435
0.998595 -0.052835 -0.003975 -1.880435 0.052839 0.998603 0.000894 -3.408692 0.003922 -0.001103 0.999992 2.110107
0.998620 -0.052514 -0.000772 -1.890277 0.052515 0.998620 0.000296 -3.412196 0.000755 -0.000336 1.000000 2.101111
0.998664 -0.051676 -0.000631 -1.889126 0.051676 0.998664 -0.000532 -3.407672 0.000658 0.000499 1.000000 2.090284
0.998563 -0.052093 0.012603 -1.839434 0.052094 0.998642 0.000229 -3.399279 -0.012598 0.000428 0.999921 2.078130
0.998577 -0.051021 0.015506 -1.651218 0.051033 0.998697 -0.000363 -3.386187 -0.015467 0.001154 0.999880 2.077438
0.998883 -0.046081 0.010449 -1.093886 0.046093 0.998937 -0.000935 -3.385387 -0.010395 0.001416 0.999945 2.079543
0.998892 -0.046393 0.007919 -0.603319 0.046406 0.998922 -0.001363 -3.397532 -0.007848 0.001729 0.999968 2.069529
0.999013 -0.043837 0.007139 -0.074950 0.043829 0.999038 0.001218 -3.404987 -0.007185 -0.000904 0.999974 2.073750
0.999054 -0.043187 0.005162 0.492624 0.043186 0.999067 0.000314 -3.404541 -0.005171 -0.000091 0.999987 2.088790
0.999031 -0.043767 0.004551 1.049879 0.043774 0.999041 -0.001336 -3.394331 -0.004488 0.001534 0.999989 2.088890
0.999044 -0.043409 0.005197 1.648289 0.043407 0.999057 0.000506 -3.390514 -0.005214 -0.000280 0.999986 2.094548
0.999109 -0.041888 0.005068 2.210926 0.041893 0.999122 -0.000821 -3.387260 -0.005029 0.001033 0.999987 2.098178
0.999073 -0.042894 0.003706 2.980389 0.042894 0.999080 -0.000014 -3.381412 -0.003702 0.000172 0.999993 2.102930
0.998329 -0.042524 -0.039125 3.563998 0.042449 0.999095 -0.002739 -3.376459 0.039206 0.001073 0.999231 2.096568
0.999000 -0.042951 -0.012451 3.809029 0.042932 0.999076 -0.001781 -3.390244 0.012516 0.001245 0.999921 2.099959
0.999229 -0.038586 -0.007180 3.860662 0.038605 0.999251 0.002518 -3.411540 0.007077 -0.002794 0.999971 2.089656
0.999295 -0.036678 -0.007997 3.872255 0.036671 0.999327 -0.001069 -3.402767 0.008031 0.000775 0.999967 2.078865
0.999325 -0.036738 -0.000923 3.832652 0.036739 0.999325 0.000385 -3.387484 0.000908 -0.000418 1.000000 2.082315
0.999306 -0.037169 -0.002262 3.810539 0.037168 0.999309 -0.000474 -3.357015 0.002278 0.000389 0.999997 2.089637
0.999343 -0.035885 -0.005123 3.805216 0.035869 0.999351 -0.003252 -3.339375 0.005236 0.003066 0.999982 2.098558
0.999384 -0.034880 -0.003855 3.787415 0.034884 0.999391 0.001027 -3.364314 0.003816 -0.001161 0.999992 2.100873
0.999392 -0.034861 -0.000099 3.773036 0.034861 0.999392 0.001128 -3.380944 0.000060 -0.001131 0.999999 2.112106
0.999392 -0.034698 -0.003382 3.789073 0.034700 0.999398 0.000468 -3.393106 0.003363 -0.000585 0.999994 2.109143
0.999334 -0.034514 0.011867 3.813317 0.034513 0.999404 0.000320 -3.401927 -0.011871 0.000090 0.999930 2.107798
0.999316 -0.035402 0.010724 3.965846 0.035411 0.999373 -0.000672 -3.396772 -0.010693 0.001052 0.999942 2.099825
0.999283 -0.037311 0.006484 4.280676 0.037313 0.999304 -0.000206 -3.404027 -0.006472 0.000447 0.999979 2.090707
0.999371 -0.034833 -0.006641 4.670535 0.034821 0.999392 -0.001979 -3.394061 0.006705 0.001747 0.999976 2.098084
0.999357 -0.035840 0.000795 4.970069 0.035845 0.999324 -0.008114 -3.410696 -0.000504 0.008137 0.999967 2.105328
0.999335 -0.036369 0.002421 5.327449 0.036384 0.999318 -0.006316 -3.515332 -0.002190 0.006400 0.999977 2.097016
0.999145 -0.036849 0.018767 5.803709 0.036806 0.999319 0.002617 -3.635828 -0.018850 -0.001924 0.999820 2.104156
0.999280 -0.035990 0.012044 6.453174 0.035979 0.999352 0.001150 -3.675345 -0.012078 -0.000716 0.999927 2.097514
0.999323 -0.035443 0.009843 7.121495 0.035442 0.999372 0.000280 -3.675675 -0.009847 0.000069 0.999952 2.089953
0.999370 -0.034529 0.008271 7.835325 0.034543 0.999402 -0.001491 -3.670421 -0.008214 0.001776 0.999965 2.092361
0.999410 -0.033708 0.006579 8.562101 0.033715 0.999431 -0.000905 -3.661899 -0.006545 0.001126 0.999978 2.098410
0.999317 -0.035124 0.011521 9.440036 0.035140 0.999382 -0.001197 -3.686817 -0.011471 0.001601 0.999933 2.160731
0.999287 -0.036012 0.011304 10.294513 0.036038 0.999348 -0.002040 -3.692352 -0.011223 0.002446 0.999934 2.182857
0.999067 -0.041396 0.012268 11.166312 0.041418 0.999141 -0.001563 -3.742332 -0.012193 0.002070 0.999924 2.193117
0.996256 -0.034187 -0.079405 11.867381 0.033936 0.999414 -0.004505 -3.682674 0.079513 0.001794 0.996832 2.191694
0.999579 -0.026189 0.012506 12.033650 0.026179 0.999657 0.000931 -3.703859 -0.012526 -0.000603 0.999921 2.188256
0.999801 -0.019247 -0.005297 12.119009 0.019247 0.999815 0.000115 -3.724849 0.005294 -0.000217 0.999986 2.168138
0.999805 -0.019372 -0.003793 12.145508 0.019360 0.999808 -0.003176 -3.721061 0.003854 0.003102 0.999988 2.153523
0.999828 -0.018521 -0.000365 12.103382 0.018522 0.999828 0.001098 -3.718303 0.000344 -0.001104 0.999999 2.159256
0.999847 -0.017445 0.001500 12.075809 0.017446 0.999848 -0.000628 -3.707326 -0.001489 0.000654 0.999999 2.168630
0.999834 -0.017379 0.005508 12.067017 0.017388 0.999848 -0.001617 -3.697319 -0.005479 0.001713 0.999984 2.184635
0.999560 -0.018250 0.023391 12.205040 0.018229 0.999833 0.001130 -3.687115 -0.023408 -0.000703 0.999726 2.176304
0.999684 -0.015983 0.019392 12.537111 0.015999 0.999872 -0.000666 -3.637570 -0.019378 0.000976 0.999812 2.219830
0.999308 -0.032414 0.018257 13.018479 0.032456 0.999471 -0.002002 -3.762454 -0.018183 0.002593 0.999831 2.212755
0.999900 -0.010786 0.009107 13.492631 0.010813 0.999937 -0.002895 -3.575951 -0.009075 0.002993 0.999954 2.161237
0.998640 -0.008519 -0.051429 13.991261 0.008348 0.999959 -0.003542 -3.567485 0.051457 0.003108 0.998670 2.170275
0.999893 -0.001540 0.014525 14.016028 0.001482 0.999991 0.004013 -3.597696 -0.014531 -0.003991 0.999886 2.198484
0.999991 -0.004161 -0.000608 14.075820 0.004156 0.999967 -0.006981 -3.608846 0.000637 0.006978 0.999975 2.185352
0.999963 -0.004649 -0.007224 14.094593 0.004634 0.999987 -0.002094 -3.631456 0.007234 0.002061 0.999972 2.102822
1.000000 -0.000407 0.000803 14.081088 0.000407 1.000000 -0.000158 -3.634334 -0.000803 0.000158 1.000000 2.152351
0.999958 -0.003478 0.008454 14.141674 0.003475 0.999994 0.000408 -3.685361 -0.008455 -0.000379 0.999964 2.079944
0.999833 0.001098 0.018259 14.314037 -0.001103 0.999999 0.000281 -3.639601 -0.018258 -0.000301 0.999833 2.154735
0.999872 0.001419 0.015936 14.604831 -0.001393 0.999998 -0.001645 -3.625786 -0.015938 0.001622 0.999872 2.138615
0.998942 0.002033 -0.045933 14.927897 -0.002097 0.999997 -0.001363 -3.619244 0.045930 0.001458 0.998944 2.115139
0.999860 0.008429 0.014428 14.922459 -0.008403 0.999963 -0.001863 -3.589801 -0.014443 0.001741 0.999894 2.147296
0.999980 0.005171 0.003570 14.956162 -0.005163 0.999984 -0.002260 -3.608402 -0.003581 0.002242 0.999991 2.142116
0.999989 0.001901 0.004294 14.980575 -0.001897 0.999998 -0.000944 -3.645536 -0.004296 0.000936 0.999990 2.187269
0.999934 0.005688 0.009937 14.958714 -0.005686 0.999984 -0.000184 -3.634898 -0.009938 0.000128 0.999951 2.225883
0.999936 0.008895 0.007048 14.923775 -0.008912 0.999957 0.002401 -3.612690 -0.007026 -0.002463 0.999972 2.189649
0.999964 0.006858 0.004991 14.918336 -0.006834 0.999965 -0.004764 -3.601264 -0.005024 0.004730 0.999976 2.145092
0.999976 0.001740 0.006718 14.945323 -0.001728 0.999997 -0.001894 -3.641828 -0.006721 0.001882 0.999976 2.165070
0.999972 -0.006539 0.003756 14.972548 0.006539 0.999979 -0.000087 -3.637159 -0.003756 0.000111 0.999993 2.181761
0.993866 -0.110516 0.004088 14.990790 0.110526 0.993871 -0.002110 -3.646359 -0.003830 0.002549 0.999989 2.178084
0.928349 -0.371705 0.001650 15.016999 0.371707 0.928349 -0.001317 -3.689041 -0.001042 0.001836 0.999998 2.192773
0.781737 -0.623587 0.005039 14.969530 0.623603 0.781738 -0.002292 -3.617491 -0.002510 0.004934 0.999985 2.210495
0.508122 -0.861252 0.007617 14.978077 0.861278 0.508134 -0.000369 -3.570936 -0.003553 0.006748 0.999971 2.231650
0.369909 -0.929066 0.001767 14.981524 0.929057 0.369895 -0.005535 -3.560837 0.004489 0.003689 0.999983 2.231259
0.153937 -0.988052 0.007592 15.017646 0.988079 0.153947 0.000801 -3.598771 -0.001960 0.007378 0.999971 2.232579
0.068875 -0.997616 0.004305 15.023692 0.997625 0.068874 -0.000408 -3.622353 0.000110 0.004323 0.999991 2.231803
0.071497 -0.997440 0.000890 15.038280 0.997439 0.071499 0.001912 -3.627542 -0.001971 0.000751 0.999998 2.223286
0.055292 -0.998437 0.008196 15.010847 0.998470 0.055291 -0.000379 -3.610577 -0.000075 0.008204 0.999966 2.213660
0.011479 -0.999927 0.003813 15.031457 0.999934 0.011483 0.000959 -3.600744 -0.001002 0.003801 0.999992 2.227794
0.012865 -0.999870 0.009760 15.005758 0.999916 0.012881 0.001603 -3.596113 -0.001729 0.009739 0.999951 2.198884
0.011327 -0.999814 0.015620 15.078403 0.999936 0.011316 -0.000809 -3.604218 0.000632 0.015628 0.999878 2.183054
0.009502 -0.999933 0.006555 15.207002 0.999953 0.009514 0.001859 -3.610241 -0.001921 0.006537 0.999977 2.178458
0.010554 -0.999928 0.005696 15.203200 0.999911 0.010600 0.008100 -3.579907 -0.008159 0.005610 0.999951 2.175215
0.010812 -0.999932 0.004455 15.217406 0.999877 0.010862 0.011334 -3.487011 -0.011382 0.004332 0.999926 2.171632
0.012493 -0.999913 0.004286 15.238204 0.999894 0.012525 0.007481 -3.273816 -0.007534 0.004192 0.999963 2.166632
0.013858 -0.999901 0.002532 15.248915 0.999884 0.013874 0.006222 -2.968719 -0.006257 0.002445 0.999977 2.172803
0.012576 -0.999906 0.005394 15.295682 0.999893 0.012616 0.007376 -2.263209 -0.007444 0.005301 0.999958 2.206546
0.012403 -0.999915 0.004087 15.321659 0.999902 0.012429 0.006433 -1.856896 -0.006484 0.004007 0.999971 2.188831
0.013194 -0.999906 0.003821 15.333623 0.999658 0.013105 -0.022618 -1.402660 0.022566 0.004118 0.999737 2.223156
0.008538 -0.999954 0.004425 15.355162 0.999922 0.008578 0.009105 -1.253892 -0.009142 0.004347 0.999949 2.207832
0.009044 -0.999958 0.001747 15.377621 0.999952 0.009037 -0.003904 -1.211871 0.003888 0.001782 0.999991 2.219427
0.009333 -0.999947 0.004455 15.355362 0.999956 0.009327 -0.001303 -1.213549 0.001261 0.004467 0.999989 2.204670
0.009421 -0.999937 0.006146 15.335642 0.999955 0.009429 0.001167 -1.239986 -0.001225 0.006134 0.999980 2.220766
0.009229 -0.999955 0.002261 15.340810 0.999948 0.009239 0.004243 -1.269282 -0.004264 0.002222 0.999988 2.217472
0.006852 -0.999966 0.004631 15.352358 0.999976 0.006857 0.001102 -1.274617 -0.001134 0.004624 0.999989 2.186822
0.009893 -0.999925 0.007244 15.331053 0.999951 0.009889 -0.000609 -1.260325 0.000537 0.007249 0.999974 2.214093
0.009199 -0.999956 0.001540 15.351962 0.999957 0.009198 -0.000724 -1.259249 0.000709 0.001547 0.999999 2.189054
0.006011 -0.999977 0.003184 15.390151 0.999870 0.006058 0.014960 -1.257067 -0.014979 0.003094 0.999883 2.257694
0.008763 -0.999957 0.003167 15.368010 0.999750 0.008826 0.020537 -1.125293 -0.020564 0.002987 0.999784 2.213466
0.016122 -0.999859 0.004699 15.351370 0.999777 0.016184 0.013557 -0.544363 -0.013631 0.004479 0.999897 2.190632
0.016684 -0.999848 0.005034 15.363235 0.999811 0.016733 0.009855 -0.018255 -0.009937 0.004869 0.999939 2.171923
0.020375 -0.999778 0.005317 15.362341 0.999747 0.020424 0.009477 0.678037 -0.009583 0.005122 0.999941 2.191121
0.020626 -0.999784 0.002705 15.386509 0.998346 0.020451 -0.053729 1.273979 0.053662 0.003809 0.998552 2.207126
0.012498 -0.999905 0.005828 15.406700 0.999830 0.012575 0.013477 1.399647 -0.013549 0.005658 0.999892 2.212702
0.013655 -0.999907 -0.000060 15.422846 0.999900 0.013655 -0.003562 1.440105 0.003563 -0.000012 0.999994 2.207391
0.013426 -0.999843 0.011564 15.406165 0.999868 0.013530 0.008957 1.441240 -0.009112 0.011442 0.999893 2.218845
0.012706 -0.999912 0.003722 15.416320 0.999790 0.012764 0.016054 1.480607 -0.016100 0.003518 0.999864 2.215543
0.013855 -0.999895 0.004307 15.418707 0.999809 0.013913 0.013738 1.636969 -0.013796 0.004116 0.999896 2.212038
0.016294 -0.999854 0.005146 15.416695 0.999769 0.016364 0.013946 1.905415 -0.014028 0.004918 0.999889 2.233146
0.018835 -0.999817 0.003261 15.421551 0.999714 0.018881 0.014669 2.253935 -0.014728 0.002984 0.999887 2.241468
0.018550 -0.999822 0.003472 15.447266 0.999661 0.018610 0.018191 2.822922 -0.018253 0.003133 0.999829 2.274967
0.020545 -0.999781 0.003921 15.438860 0.999662 0.020605 0.015836 3.209877 -0.015913 0.003595 0.999867 2.265409
0.017151 -0.999842 0.004627 15.460268 0.999581 0.017254 0.023260 3.656439 -0.023336 0.004226 0.999719 2.299137
0.016176 -0.999865 0.002927 15.477846 0.999643 0.016234 0.021230 4.060243 -0.021275 0.002582 0.999770 2.285133
0.016105 -0.999861 0.004329 15.491301 0.999649 0.016193 0.020948 4.458739 -0.021016 0.003990 0.999771 2.289326
0.014885 -0.999845 -0.009426 15.508367 0.999245 0.015213 -0.035746 4.820511 0.035883 -0.008887 0.999316 2.275891
0.005967 -0.999948 -0.008302 15.527821 0.999907 0.005865 0.012291 4.876777 -0.012242 -0.008374 0.999890 2.288092
0.009336 -0.999897 -0.010864 15.531064 0.999892 0.009211 0.011473 4.884738 -0.011372 -0.010970 0.999875 2.289136
0.007406 -0.999934 -0.008753 15.520216 0.999927 0.007322 0.009606 4.862915 -0.009541 -0.008824 0.999916 2.276894
0.013258 -0.999872 -0.008929 15.489226 0.999708 0.013074 0.020311 4.801493 -0.020192 -0.009195 0.999754 2.278251
0.011846 -0.999900 -0.007740 15.492339 0.999443 0.011599 0.031278 4.817985 -0.031186 -0.008106 0.999481 2.276066
0.015802 -0.999856 -0.006265 15.481580 0.999520 0.015629 0.026749 4.948648 -0.026647 -0.006685 0.999623 2.242763
0.009732 -0.999919 -0.008222 15.495604 0.999686 0.009539 0.023166 5.225512 -0.023085 -0.008445 0.999698 2.234845
0.013600 -0.999865 -0.009179 15.489446 0.999463 0.013867 -0.029687 5.500144 0.029810 -0.008771 0.999517 2.246433
0.006208 -0.999954 -0.007353 15.498771 0.999863 0.006095 0.015365 5.510205 -0.015320 -0.007447 0.999855 2.245991
-0.059524 -0.998187 -0.008893 15.511207 0.998152 -0.059626 0.011716 5.528692 -0.012226 -0.008179 0.999892 2.249586
-0.171259 -0.985190 -0.008390 15.512007 0.985124 -0.171357 0.012907 5.531622 -0.014153 -0.006055 0.999882 2.232040
-0.293576 -0.955884 -0.009912 15.519094 0.955797 -0.293694 0.013988 5.539996 -0.016282 -0.005367 0.999853 2.208961
-0.398998 -0.916881 -0.011426 15.508651 0.916834 -0.399115 0.011036 5.555643 -0.014679 -0.006073 0.999874 2.208503
-0.528506 -0.848910 -0.005761 15.470811 0.848844 -0.528537 0.010632 5.582924 -0.012070 0.000728 0.999927 2.227669
-0.614556 -0.788828 -0.008466 15.457146 0.788781 -0.614613 0.008697 5.547888 -0.012064 -0.001333 0.999926 2.247005
-0.697551 -0.716511 -0.005962 15.458616 0.716362 -0.697541 0.016213 5.515235 -0.015776 0.007038 0.999851 2.253546
-0.769504 -0.638549 -0.010892 15.474872 0.638417 -0.769574 0.013415 5.499918 -0.016948 0.003370 0.999851 2.259192
-0.838578 -0.544712 -0.008721 15.473117 0.544560 -0.838586 0.015082 5.503031 -0.015529 0.007898 0.999848 2.257288
-0.893144 -0.449731 -0.005959 15.473593 0.449633 -0.893120 0.012879 5.526601 -0.011114 0.008824 0.999899 2.248773
-0.955339 -0.295371 -0.009088 15.496129 0.295243 -0.955331 0.013218 5.543591 -0.012586 0.009945 0.999871 2.237863
-0.983179 -0.182322 -0.010842 15.498619 0.182210 -0.983203 0.010518 5.549178 -0.012578 0.008366 0.999886 2.232699
-0.997013 -0.076957 -0.006596 15.487103 0.076858 -0.996941 0.014173 5.537860 -0.007666 0.013624 0.999878 2.231842
-0.999962 0.006791 -0.005490 15.499249 -0.006866 -0.999880 0.013896 5.544323 -0.005394 0.013933 0.999888 2.225141
-0.999889 0.005831 -0.013728 15.546143 -0.005975 -0.999928 0.010413 5.554420 -0.013666 0.010494 0.999852 2.206732
-0.999932 0.007329 -0.009100 15.547874 -0.007436 -0.999904 0.011736 5.531917 -0.009013 0.011803 0.999890 2.114148
-0.999945 0.007213 -0.007645 15.526999 -0.007307 -0.999896 0.012412 5.509566 -0.007555 0.012467 0.999894 2.061918
-0.999929 0.007550 -0.009213 15.502106 -0.007684 -0.999864 0.014575 5.495935 -0.009102 0.014645 0.999851 2.070454
-0.999952 0.007258 -0.006577 15.467808 -0.007330 -0.999913 0.010992 5.511423 -0.006496 0.011039 0.999918 2.097396
-0.999953 0.006856 -0.006831 15.453315 -0.006992 -0.999774 0.020071 5.546031 -0.006692 0.020118 0.999775 2.113654
-0.999963 0.005320 -0.006790 15.449030 -0.005271 -0.999960 -0.007196 5.678212 -0.006828 -0.007160 0.999951 2.147425
-0.999939 0.007345 -0.008229 15.456102 -0.007497 -0.999800 0.018562 5.694188 -0.008091 0.018622 0.999794 2.164727
-0.999900 0.006752 -0.012440 15.463747 -0.006897 -0.999908 0.011658 5.710093 -0.012360 0.011742 0.999855 2.191952
-0.999688 0.007583 -0.023781 15.403024 -0.007916 -0.999871 0.013949 5.720514 -0.023672 0.014132 0.999620 2.195142
-0.999751 0.006561 -0.021332 15.212128 -0.006820 -0.999904 0.012103 5.733613 -0.021250 0.012246 0.999699 2.185653
-0.999798 0.006776 -0.018900 14.903475 -0.007007 -0.999901 0.012179 5.743571 -0.018815 0.012309 0.999747 2.180113
-0.999847 0.006249 -0.016329 14.506445 -0.006470 -0.999888 0.013529 5.750404 -0.016242 0.013632 0.999775 2.190702
-0.999869 0.006860 -0.014684 14.035356 -0.007054 -0.999888 0.013234 5.762612 -0.014592 0.013336 0.999805 2.206151
-0.999865 0.006991 -0.014901 13.557328 -0.007185 -0.999890 0.012986 5.765481 -0.014808 0.013091 0.999805 2.214142
-0.999902 0.005537 -0.012819 13.029493 -0.005686 -0.999917 0.011575 5.755070 -0.012754 0.011647 0.999851 2.217691
-0.999880 0.006101 -0.014253 12.267033 -0.006312 -0.999871 0.014786 5.733440 -0.014161 0.014874 0.999789 2.215997
-0.999905 0.005509 -0.012634 11.793068 -0.005687 -0.999885 0.014053 5.726219 -0.012556 0.014123 0.999821 2.230429
-0.999900 0.005145 -0.013143 11.329507 -0.005339 -0.999877 0.014761 5.723590 -0.013066 0.014830 0.999805 2.224396
-0.999907 0.005387 -0.012501 10.686393 -0.005573 -0.999875 0.014830 5.724326 -0.012420 0.014898 0.999812 2.212370
-0.999914 0.005701 -0.011779 10.168089 -0.005886 -0.999859 0.015743 5.731673 -0.011687 0.015811 0.999807 2.212229
-0.999809 0.006692 -0.018354 9.882860 -0.006943 -0.999882 0.013672 5.738133 -0.018260 0.013797 0.999738 2.180702
-0.999979 0.006382 -0.001498 9.822556 -0.006403 -0.999867 0.014980 5.745551 -0.001402 0.014989 0.999887 2.155651
-0.999973 0.005711 -0.004720 9.830355 -0.005790 -0.999841 0.016878 5.748962 -0.004623 0.016905 0.999846 2.149357
-0.999922 0.006413 -0.010686 9.865747 -0.006531 -0.999917 0.011092 5.763605 -0.010614 0.011161 0.999881 2.162133
-0.999921 0.008208 -0.009537 9.864140 -0.008412 -0.999733 0.021524 5.733392 -0.009358 0.021603 0.999723 2.177784
-0.999841 0.007071 -0.016354 9.818695 -0.007333 -0.999845 0.015995 5.711659 -0.016239 0.016112 0.999738 2.184446
-0.999869 0.005535 -0.015216 9.693929 -0.005768 -0.999866 0.015351 5.697807 -0.015129 0.015436 0.999766 2.195921
-0.999889 0.006820 -0.013255 9.471121 -0.007025 -0.999855 0.015502 5.713778 -0.013147 0.015593 0.999792 2.190773
-0.999907 0.005844 -0.012289 9.234314 -0.006027 -0.999870 0.014952 5.714125 -0.012200 0.015024 0.999813 2.205140
-0.999906 0.006151 -0.012220 8.978779 -0.006335 -0.999866 0.015087 5.724877 -0.012125 0.015163 0.999812 2.194820
-0.999934 0.005964 -0.009869 8.702646 -0.006115 -0.999864 0.015311 5.730484 -0.009776 0.015370 0.999834 2.179377
-0.999893 0.005603 -0.013498 8.282459 -0.005798 -0.999879 0.014455 5.740644 -0.013415 0.014532 0.999804 2.185061
-0.999873 0.009024 -0.013124 7.922849 -0.009229 -0.999834 0.015693 5.789968 -0.012980 0.015812 0.999791 2.202497
-0.999925 0.006806 -0.010160 7.638127 -0.006970 -0.999844 0.016209 5.761523 -0.010048 0.016278 0.999817 2.194348
-0.999655 0.003577 -0.026018 7.321390 -0.003927 -0.999903 0.013389 5.730655 -0.025967 0.013486 0.999572 2.230682
-0.999791 -0.000117 -0.020437 6.897883 -0.000187 -0.999889 0.014868 5.696009 -0.020437 0.014868 0.999681 2.253727
-0.998747 0.006031 0.049682 6.419508 -0.005260 -0.999864 0.015626 5.788497 0.049769 0.015345 0.998643 2.221130
-0.999768 0.008449 -0.019834 6.335067 -0.008794 -0.999810 0.017387 5.797531 -0.019683 0.017558 0.999652 2.206603
-0.999966 0.007897 -0.002231 6.291249 -0.007923 -0.999896 0.012083 5.807991 -0.002135 0.012100 0.999924 2.192552
-0.999947 0.008861 -0.005266 6.283686 -0.008935 -0.999861 0.014090 5.829860 -0.005140 0.014136 0.999887 2.194019
-0.999772 0.009814 -0.018964 6.287517 -0.010090 -0.999844 0.014528 5.824183 -0.018819 0.014716 0.999715 2.194551
-0.999662 0.008285 -0.024636 6.173342 -0.008616 -0.999874 0.013327 5.800133 -0.024522 0.013535 0.999608 2.214635
-0.999669 0.008495 -0.024277 5.894452 -0.008881 -0.999835 0.015869 5.817377 -0.024138 0.016079 0.999579 2.186707
-0.999741 0.006297 -0.021874 5.462675 -0.006618 -0.999871 0.014613 5.795063 -0.021779 0.014754 0.999654 2.212856
-0.999706 0.009556 -0.022283 4.967961 -0.009900 -0.999833 0.015350 5.843470 -0.022133 0.015566 0.999634 2.224767
-0.999797 0.005377 -0.019398 4.341760 -0.005672 -0.999869 0.015177 5.800108 -0.019313 0.015284 0.999697 2.198377
-0.999812 0.007343 -0.017919 3.711820 -0.007618 -0.999853 0.015331 5.830589 -0.017804 0.015465 0.999722 2.164069
-0.999593 0.009615 0.026846 3.104795 -0.009254 -0.999865 0.013550 5.858243 0.026973 0.013296 0.999548 2.170492
-0.999817 0.010996 -0.015626 2.870378 -0.011262 -0.999791 0.017059 5.833947 -0.015435 0.017232 0.999732 2.170038
-0.999883 0.015004 -0.002993 2.816103 -0.015048 -0.999773 0.015101 5.882987 -0.002766 0.015144 0.999882 2.132772
-0.999967 0.008005 0.001043 2.826409 -0.007990 -0.999871 0.013961 5.830194 0.001154 0.013953 0.999902 2.092088
-0.999890 0.010273 -0.010684 2.879413 -0.010464 -0.999784 0.017947 5.845148 -0.010497 0.018057 0.999782 2.157007
-0.999854 0.012660 -0.011458 2.884946 -0.012794 -0.999850 0.011682 5.877201 -0.011308 0.011827 0.999866 2.145275
-0.999848 0.015833 -0.007267 2.855816 -0.015947 -0.999747 0.015851 5.888762 -0.007014 0.015964 0.999848 2.128166
-0.999914 0.006612 -0.011294 2.868489 -0.006811 -0.999821 0.017641 5.774462 -0.011175 0.017716 0.999781 2.180538
-0.999954 0.009549 -0.000927 2.835441 -0.009561 -0.999849 0.014534 5.824201 -0.000788 0.014542 0.999894 2.099488
-0.999958 0.008447 -0.003654 2.859134 -0.008512 -0.999798 0.018220 5.839433 -0.003500 0.018250 0.999827 2.104263
-0.999991 0.003190 -0.002835 2.913017 -0.003217 -0.999948 0.009634 5.827147 -0.002804 0.009643 0.999950 2.084097
-0.999949 0.008742 -0.005045 2.915283 -0.008813 -0.999859 0.014326 5.872429 -0.004919 0.014370 0.999885 2.093757
-0.999949 0.009103 -0.004355 2.927373 -0.009167 -0.999848 0.014802 5.848261 -0.004220 0.014842 0.999881 2.102346
-0.999936 0.009062 -0.006779 2.925068 -0.009170 -0.999830 0.015991 5.822755 -0.006633 0.016052 0.999849 2.102278
-0.999947 0.009283 -0.004479 2.893806 -0.009360 -0.999804 0.017466 5.803522 -0.004316 0.017507 0.999837 2.089976
-0.999941 0.009096 -0.005927 2.863576 -0.009181 -0.999855 0.014345 5.809464 -0.005795 0.014398 0.999880 2.102660
-0.999969 0.007730 -0.001452 2.864463 -0.007756 -0.999790 0.018967 5.816864 -0.001305 0.018978 0.999819 2.100353
-0.999945 0.008739 -0.005768 2.884715 -0.008811 -0.999881 0.012636 5.856031 -0.005657 0.012686 0.999904 2.103504
-0.999938 0.009127 -0.006445 2.882296 -0.009209 -0.999876 0.012793 5.867900 -0.006328 0.012852 0.999897 2.124949
-0.999958 0.009119 -0.000735 2.857320 -0.009129 -0.999843 0.015159 5.840785 -0.000597 0.015165 0.999885 2.126563
-0.999955 0.009352 0.001737 2.857572 -0.009323 -0.999824 0.016274 5.810380 0.001889 0.016257 0.999866 2.105049
-0.999925 0.009893 -0.007188 2.890776 -0.010018 -0.999794 0.017643 5.807716 -0.007012 0.017713 0.999819 2.102758
-0.999952 0.009164 -0.003335 2.904153 -0.009203 -0.999887 0.011924 5.820354 -0.003225 0.011954 0.999923 2.086749
-0.999940 0.009828 -0.004801 2.903949 -0.009896 -0.999847 0.014456 5.808429 -0.004658 0.014502 0.999884 2.088815
-0.999933 0.010041 -0.005707 2.905724 -0.010146 -0.999775 0.018622 5.789217 -0.005519 0.018678 0.999810 2.095665
-0.999948 0.009599 -0.003384 2.893904 -0.009651 -0.999828 0.015847 5.794010 -0.003231 0.015879 0.999869 2.102236
-0.999959 0.009023 -0.000945 2.890326 -0.009035 -0.999868 0.013492 5.810636 -0.000823 0.013500 0.999909 2.103059
-0.999922 0.009592 -0.007954 2.908725 -0.009723 -0.999814 0.016669 5.819478 -0.007792 0.016745 0.999829 2.116037
-0.999957 0.009042 -0.002179 2.886859 -0.009070 -0.999875 0.012929 5.827568 -0.002062 0.012948 0.999914 2.111948
-0.999946 0.010036 -0.002776 2.890218 -0.010080 -0.999813 0.016496 5.815572 -0.002610 0.016523 0.999860 2.103762
-0.999195 0.039738 -0.005513 2.918654 -0.039833 -0.999037 0.018404 5.817448 -0.004777 0.018609 0.999815 2.088355
-0.995578 0.093551 -0.008578 2.923874 -0.093658 -0.995519 0.013013 5.840485 -0.007322 0.013759 0.999879 2.075952
-0.987517 0.157466 -0.003691 2.880301 -0.157503 -0.987412 0.014479 5.863783 -0.001364 0.014879 0.999888 2.094157
-0.975616 0.219430 -0.004943 2.888670 -0.219479 -0.975508 0.014566 5.826011 -0.001626 0.015296 0.999882 2.085134
-0.961720 0.273941 -0.007112 2.894554 -0.274025 -0.961570 0.017126 5.833781 -0.002147 0.018420 0.999828 2.101772
-0.945138 0.326629 -0.005201 2.908245 -0.326669 -0.945058 0.012372 5.832208 -0.000874 0.013392 0.999910 2.070513
-0.921949 0.387283 -0.004660 2.908001 -0.387303 -0.921790 0.017322 5.830462 0.002412 0.017775 0.999839 2.094996
-0.897564 0.440827 -0.007124 2.895200 -0.440883 -0.897487 0.011826 5.827600 -0.001181 0.013755 0.999905 2.098366
-0.871071 0.491150 -0.002780 2.878738 -0.491119 -0.870917 0.017466 5.800192 0.006157 0.016579 0.999844 2.116688
-0.844074 0.536210 -0.004187 2.882767 -0.536212 -0.843971 0.013768 5.793168 0.003849 0.013866 0.999896 2.139744
-0.781615 0.623683 -0.009889 2.924529 -0.623761 -0.781493 0.013832 5.780750 0.000899 0.016980 0.999855 2.147361
-0.704916 0.709176 -0.012762 2.948912 -0.709273 -0.704654 0.019867 5.768899 0.005096 0.023057 0.999721 2.156444
-0.623091 0.782085 -0.010065 2.939986 -0.782140 -0.622968 0.012974 5.782365 0.003876 0.015956 0.999865 2.157181
-0.534518 0.845125 -0.007422 2.927316 -0.845118 -0.534387 0.014356 5.783061 0.008167 0.013946 0.999869 2.169366
-0.437835 0.899022 -0.007699 2.919239 -0.899021 -0.437727 0.012517 5.793503 0.007882 0.012402 0.999892 2.163664
-0.341813 0.939713 -0.010171 2.920771 -0.939693 -0.341630 0.016295 5.791781 0.011838 0.015128 0.999815 2.153892
-0.240424 0.970614 -0.010226 2.925360 -0.970586 -0.240254 0.015527 5.788166 0.012614 0.013659 0.999827 2.144350
-0.134514 0.990889 -0.006741 2.899208 -0.990821 -0.134406 0.014450 5.801473 0.013412 0.008623 0.999873 2.113366
-0.010382 0.999920 -0.007220 2.935749 -0.999803 -0.010258 0.017019 5.784748 0.016943 0.007395 0.999829 2.111675
0.100170 0.994920 -0.009973 2.980644 -0.994805 0.100332 0.017231 5.778240 0.018144 0.008195 0.999802 2.113491
0.199632 0.979855 -0.005600 3.019444 -0.979751 0.199694 0.014475 5.777455 0.015302 0.002597 0.999880 2.098955
0.337307 0.941345 -0.009683 3.057539 -0.941209 0.337427 0.016401 5.747611 0.018706 0.003582 0.999819 2.090594
0.464325 0.885595 -0.011151 3.074841 -0.885296 0.464458 0.023009 5.719402 0.025556 -0.000812 0.999673 2.089147
0.569057 0.822250 -0.008897 3.057036 -0.822061 0.569120 0.017839 5.751503 0.019732 -0.002837 0.999801 2.096831
0.652804 0.757508 -0.005351 3.032103 -0.757335 0.652781 0.017932 5.794630 0.017076 -0.007654 0.999825 2.109759
0.739531 0.673108 -0.004443 3.049135 -0.673000 0.739506 0.014228 5.826780 0.012863 -0.007532 0.999889 2.110835
0.817351 0.576054 -0.010003 3.063147 -0.575765 0.817322 0.021899 5.790648 0.020790 -0.012140 0.999710 2.104239
0.877082 0.480275 -0.007914 3.060347 -0.480064 0.877017 0.019481 5.794274 0.016296 -0.013287 0.999779 2.102215
0.931589 0.363375 -0.010007 3.062854 -0.363122 0.931512 0.020694 5.814648 0.016841 -0.015644 0.999736 2.093099
0.964891 0.262451 -0.010246 3.055784 -0.262278 0.964866 0.015611 5.834432 0.013983 -0.012376 0.999826 2.089676
0.991180 0.132414 -0.005426 3.039248 -0.132256 0.990946 0.023121 5.829377 0.008438 -0.022199 0.999718 2.099084
0.999607 0.026951 -0.007740 3.071098 -0.026812 0.999488 0.017474 5.860832 0.008207 -0.017260 0.999817 2.097980
0.999523 0.029294 -0.009823 3.112316 -0.029071 0.999333 0.022099 5.863402 0.010463 -0.021803 0.999708 2.098348
0.999496 0.028167 -0.014658 3.134050 -0.027953 0.999502 0.014652 5.873943 0.015063 -0.014235 0.999785 2.093990
0.999554 0.028422 -0.009166 3.114465 -0.028244 0.999420 0.019023 5.854428 0.009702 -0.018756 0.999777 2.084648
0.999601 0.027973 -0.004036 3.086142 -0.027883 0.999393 0.020873 5.823560 0.004618 -0.020752 0.999774 2.088648
0.999520 0.027078 -0.015048 3.088740 -0.026791 0.999461 0.018951 5.806732 0.015553 -0.018539 0.999707 1.997360
0.999581 0.027660 -0.008536 3.051748 -0.027530 0.999509 0.014939 5.808396 0.008945 -0.014697 0.999852 1.900717
0.999623 0.026743 -0.006231 3.030873 -0.026633 0.999498 0.017160 5.776186 0.006686 -0.016988 0.999833 1.834905
0.999586 0.026030 -0.012225 3.038962 -0.025733 0.999385 0.023833 5.745320 0.012838 -0.023508 0.999641 1.734453
0.999552 0.026844 -0.013227 3.055971 -0.026593 0.999470 0.018783 5.764768 0.013724 -0.018423 0.999736 1.632642
0.999519 0.026907 -0.015391 3.074443 -0.026603 0.999453 0.019631 5.788508 0.015911 -0.019212 0.999689 1.549511
0.999501 0.026857 -0.016612 3.080983 -0.026623 0.999546 0.014133 5.813006 0.016984 -0.013684 0.999762 1.478388
0.999483 0.027082 -0.017324 3.070990 -0.026739 0.999448 0.019691 5.807153 0.017847 -0.019217 0.999656 1.393644
0.999510 0.026826 -0.016106 3.055203 -0.026575 0.999525 0.015622 5.793649 0.016518 -0.015186 0.999748 1.259046
0.999472 0.026783 -0.018417 3.054527 -0.026454 0.999490 0.017877 5.770464 0.018886 -0.017381 0.999671 1.129694
0.999499 0.026748 -0.016942 3.057679 -0.026399 0.999441 0.020497 5.746676 0.017481 -0.020040 0.999646 1.023824
0.999434 0.026724 -0.020426 3.069835 -0.026287 0.999426 0.021374 5.757442 0.020986 -0.020825 0.999563 0.904179
0.999473 0.027504 -0.017216 3.071641 -0.027232 0.999503 0.015888 5.796533 0.017644 -0.015411 0.999726 0.779407
0.999361 0.027248 -0.023135 3.088201 -0.026914 0.999531 0.014625 5.810180 0.023523 -0.013993 0.999625 0.659747
